   1           "er"   12  469.809601  67.469200  69.218170
   2           "si"    9  328.965210 131.523285  45.966915
   3           "sp"  372  2573.493408
   4           "wu"   16  491.932678 240.736542  65.558990
   5           "yi"    7  128.111008  96.544685  64.675369
   6         "l+iu"    6   58.357948  93.294212 187.686493
   7         "l-iu"    6   28.637144  29.822290  32.555111
   8         "u-an"   12  127.802444  71.294319  81.124062
   9       "k-ai+q"   15  109.320541 165.660889  98.103012
  10        "d-a+k"   17  198.806519  61.885990  62.296841
  11        "d-eng"   33  406.693604 241.817551 316.477478
  12         "m-en"   38   58.239613 126.449860 434.111145
  13       "a-m+en"   38  626.770325 100.031181  83.604340
  14       "g-u+an"   53   84.286880  57.530140 350.571045
  15       "d-i+ao"   22   95.506126  58.017384  42.707443
  16     "i-ao+shi"   30   62.313419 258.774628 200.973480
  17       "u-an+b"   19  184.981018  93.027039  72.923737
  18       "u-an+d"   22  203.881378 108.975899 356.049316
  19        "f+eng"   29  253.732773 179.246933  80.730537
  20         "f+en"   28  234.642685 131.522385 126.503380
  21          "b+a"    7   43.294617  10.090126   9.445232
  22          "b-a"    7   71.466408  26.448668 139.544006
  23          "b-i"   19   66.310860  61.446980 108.577148
  24        "sh-an"   29   61.892574  55.819794 146.292465
  25          "d+a"   17  257.427368  46.949379  38.341022
  26          "f+a"   38  285.811859 118.805069 149.694733
  27          "g+u"   53  868.541626  91.088829 270.972992
  28          "m+i"   28  119.013390 156.582855  57.812569
  29          "q+i"   13  125.941261 178.318146 285.312714
  30          "q-i"   28  126.006828  70.697899 102.672020
  31          "sil"  200  6832.114258 2573.493408 1608.698730
  32          "x+i"   30  148.133789 482.765350 527.937744
  33       "ai-q+i"   15  129.252457 183.408401 172.108078
  34       "x-i+ao"   30  134.563919  84.040047  42.525799
  35        "f-a+m"   38  344.390656 437.526184 147.747177
  36       "zh-ong"   28  439.185852 433.020691 559.877258
  37       "ao-shi"   30  162.002884 154.870102 410.191528
  38      "f-en+zh"   28  299.289398 112.087479  85.081940
  39         "i-ao"   50  238.686096 157.875397 470.675018
  40     "f-eng+sh"   29   80.168350  60.224014  74.628311
  41    "eng-sh+an"   29  434.051941 495.757812 209.894699
  42         "j+iu"    4  101.191170  32.185047 101.008598
  43         "j-iu"    4   14.954268  11.049708  25.002687
  44    "en-zh+ong"   28  109.553894 112.946487  91.692963
  45       "m-i+ao"   28   69.498108  35.341755  49.355682
  46         "s+an"   12  183.344254 164.615265  43.880939
  47       "an-b+i"   19  180.057861  86.446632 249.771469
  48         "s-an"   12   48.238628  48.449070 118.864441
  49       "an-d+i"   22   99.338181 170.870926 137.447754
  50        "d+eng"   33  208.869812 111.750130 230.842880
  51         "k+ai"   30   43.403145 146.517426  52.496235
  52         "k-ai"   32  198.746246 371.740173 259.274628
  53       "a-k+ai"   17   40.080864  24.874636  26.100847
